         0          0          0          0          0          0          0          0          0          0 
         0          0          0          0          0          0          0          0          0          0 
         0          0          0          0          0          0          0          0          0          0 
         0          0          0          0          0          0          0          0          0          0 
         0          0          0          0          0          0          0          0          0          0 
         0          0          0          0          0  0.6845538 -0.3174248 -0.2548156 -0.1848483 -0.1268129 
         0          0          0          0          0 -0.3174248  0.6805842 -0.2564139 -0.1860078 -0.1276083 
         0          0          0          0          0 -0.2548156 -0.2564139  0.7941615 -0.1493194 -0.1024387 
         0          0          0          0          0 -0.1848483 -0.1860078 -0.1493194  0.8916807 -0.07431109 
         0          0          0          0          0 -0.1268129 -0.1276083 -0.1024387 -0.07431109  0.9490198 
         0          0          0          0          0          0          0          0          0          0 
         0          0          0          0          0          0          0          0          0          0 
         0          0          0          0          0          0          0          0          0          0 
         0          0          0          0          0          0          0          0          0          0 
         0          0          0          0          0          0          0          0          0          0 
         0          0          0          0          0  0.6776915 -0.3204406 -0.2559011 -0.1849538 -0.1266897 
         0          0          0          0          0 -0.3204406  0.6814166 -0.2544181 -0.1838819 -0.1259555 
         0          0          0          0          0 -0.2559011 -0.2544181  0.7968239 -0.1468465  -0.100587 
         0          0          0          0          0 -0.1849538 -0.1838819 -0.1468465   0.893866 -0.07269972 
         0          0          0          0          0 -0.1266897 -0.1259555  -0.100587 -0.07269972  0.9502021 
         0          0          0          0          0          0          0          0          0          0 
         0          0          0          0          0          0          0          0          0          0 
         0          0          0          0          0          0          0          0          0          0 
         0          0          0          0          0          0          0          0          0          0 
         0          0          0          0          0          0          0          0          0          0 
         0          0          0          0          0  0.6690901 -0.3242874 -0.2569166 -0.1850531 -0.1264729 
         0          0          0          0          0 -0.3242874  0.6822025  -0.251775 -0.1813497 -0.1239418 
         0          0          0          0          0 -0.2569166  -0.251775  0.8005313 -0.1436742 -0.09819287 
         0          0          0          0          0 -0.1850531 -0.1813497 -0.1436742  0.8965137 -0.07072682 
         0          0          0          0          0 -0.1264729 -0.1239418 -0.09819287 -0.07072682  0.9516624 
         0          0          0          0          0          0          0          0          0          0 
         0          0          0          0          0          0          0          0          0          0 
         0          0          0          0          0          0          0          0          0          0 
         0          0          0          0          0          0          0          0          0          0 
         0          0          0          0          0          0          0          0          0          0 
         0          0          0          0          0  0.6640441 -0.3264362 -0.2575018 -0.1850829  -0.126357 
         0          0          0          0          0 -0.3264362  0.6828138 -0.2502052 -0.1798383 -0.1227765 
         0          0          0          0          0 -0.2575018 -0.2502052  0.8026313 -0.1418614 -0.09684951 
         0          0          0          0          0 -0.1850829 -0.1798383 -0.1418614  0.8980352 -0.06961188 
         0          0          0          0          0  -0.126357 -0.1227765 -0.09684951 -0.06961188  0.9524756 
         0          0          0          0          0          0          0          0          0          0 
         0          0          0          0          0          0          0          0          0          0 
         0          0          0          0          0          0          0          0          0          0 
         0          0          0          0          0          0          0          0          0          0 
         0          0          0          0          0          0          0          0          0          0 
         0          0          0          0          0    0.65666 -0.3293755  -0.258319 -0.1852688 -0.1261594 
         0          0          0          0          0 -0.3293755   0.684021 -0.2478125 -0.1777334 -0.1210281 
         0          0          0          0          0  -0.258319 -0.2478125  0.8056483 -0.1393908 -0.09491862 
         0          0          0          0          0 -0.1852688 -0.1777334 -0.1393908  0.9000276 -0.06807651 
         0          0          0          0          0 -0.1261594 -0.1210281 -0.09491862 -0.06807651  0.9536431 
         0          0          0          0          0          0          0          0          0          0 
         0          0          0          0          0          0          0          0          0          0 
         0          0          0          0          0          0          0          0          0          0 
         0          0          0          0          0          0          0          0          0          0 
         0          0          0          0          0          0          0          0          0          0 
         0          0          0          0          0  0.6500634 -0.3319405 -0.2590393 -0.1852466 -0.1260111 
         0          0          0          0          0 -0.3319405  0.6851301 -0.2457178   -0.17572 -0.1195308 
         0          0          0          0          0 -0.2590393 -0.2457178  0.8082471 -0.1371281 -0.09327928 
         0          0          0          0          0 -0.1852466   -0.17572 -0.1371281  0.9019357 -0.06670674 
         0          0          0          0          0 -0.1260111 -0.1195308 -0.09327928 -0.06670674  0.9546238 
         0          0          0          0          0          0          0          0          0          0 
         0          0          0          0          0          0          0          0          0          0 
         0          0          0          0          0          0          0          0          0          0 
         0          0          0          0          0          0          0          0          0          0 
         0          0          0          0          0          0          0          0          0          0 
         0          0          0          0          0  0.6435903 -0.3343917 -0.2596788 -0.1852021 -0.1258219 
         0          0          0          0          0 -0.3343917   0.686266 -0.2436365 -0.1737608 -0.1180489 
         0          0          0          0          0 -0.2596788 -0.2436365  0.8107991 -0.1349375 -0.09167332 
         0          0          0          0          0 -0.1852021 -0.1737608 -0.1349375   0.903763 -0.06538112 
         0          0          0          0          0 -0.1258219 -0.1180489 -0.09167332 -0.06538112  0.9555816 
         0          0          0          0          0          0          0          0          0          0 
         0          0          0          0          0          0          0          0          0          0 
         0          0          0          0          0          0          0          0          0          0 
         0          0          0          0          0          0          0          0          0          0 
         0          0          0          0          0          0          0          0          0          0 
         0          0          0          0          0  0.6380263 -0.3363673 -0.2602174 -0.1852174 -0.1256472 
         0          0          0          0          0 -0.3363673  0.6874278 -0.2418093 -0.1721149 -0.1167588 
         0          0          0          0          0 -0.2602174 -0.2418093  0.8129336   -0.13315 -0.09032588 
         0          0          0          0          0 -0.1852174 -0.1721149   -0.13315  0.9052266 -0.06429209 
         0          0          0          0          0 -0.1256472 -0.1167588 -0.09032588 -0.06429209  0.9563857 
         0          0          0          0          0          0          0          0          0          0 
         0          0          0          0          0          0          0          0          0          0 
         0          0          0          0          0          0          0          0          0          0 
         0          0          0          0          0          0          0          0          0          0 
         0          0          0          0          0          0          0          0          0          0 
         0          0          0          0          0  0.6320023 -0.3384594 -0.2608405 -0.1850722 -0.1254241 
         0          0          0          0          0 -0.3384594   0.688708 -0.2399034 -0.1702169 -0.1153565 
         0          0          0          0          0 -0.2608405 -0.2399034  0.8151137  -0.131181 -0.08890182 
         0          0          0          0          0 -0.1850722 -0.1702169  -0.131181  0.9069241 -0.06307784 
         0          0          0          0          0 -0.1254241 -0.1153565 -0.08890182 -0.06307784  0.9572519 
         0          0          0          0          0          0          0          0          0          0 
         0          0          0          0          0          0          0          0          0          0 
         0          0          0          0          0          0          0          0          0          0 
         0          0          0          0          0          0          0          0          0          0 
         0          0          0          0          0          0          0          0          0          0 
         0          0          0          0          0  0.6266068 -0.3403537 -0.2612079 -0.1850049 -0.1251947 
         0          0          0          0          0 -0.3403537  0.6897624  -0.238095 -0.1686348 -0.1141169 
         0          0          0          0          0 -0.2612079  -0.238095  0.8172716 -0.1294205 -0.0875802 
         0          0          0          0          0 -0.1850049 -0.1686348 -0.1294205  0.9083358 -0.06203014 
         0          0          0          0          0 -0.1251947 -0.1141169 -0.0875802 -0.06203014  0.9580236 
         0          0          0          0          0          0          0          0          0          0 
         0          0          0          0          0          0          0          0          0          0 
         0          0          0          0          0          0          0          0          0          0 
         0          0          0          0          0          0          0          0          0          0 
         0          0          0          0          0          0          0          0          0          0 
         0          0          0          0          0  0.6196589 -0.3426991 -0.2616765 -0.1848505  -0.124879 
         0          0          0          0          0 -0.3426991  0.6912176 -0.2357786  -0.166556 -0.1125199 
         0          0          0          0          0 -0.2616765 -0.2357786  0.8199653 -0.1271781 -0.08591738 
         0          0          0          0          0 -0.1848505  -0.166556 -0.1271781  0.9101603 -0.06069277 
         0          0          0          0          0  -0.124879 -0.1125199 -0.08591738 -0.06069277  0.9589979 
         0          0          0          0          0          0          0          0          0          0 
         0          0          0          0          0          0          0          0          0          0 
         0          0          0          0          0          0          0          0          0          0 
         0          0          0          0          0          0          0          0          0          0 
         0          0          0          0          0          0          0          0          0          0 
         0          0          0          0          0  0.6150176 -0.3442575 -0.2619367  -0.184718 -0.1246041 
         0          0          0          0          0 -0.3442575  0.6921595  -0.234228 -0.1651778  -0.111423 
         0          0          0          0          0 -0.2619367  -0.234228  0.8217819 -0.1256796 -0.08477893 
         0          0          0          0          0  -0.184718 -0.1651778 -0.1256796  0.9113707 -0.05978618 
         0          0          0          0          0 -0.1246041  -0.111423 -0.08477893 -0.05978618  0.9596704 
         0          0          0          0          0          0          0          0          0          0 
         0          0          0          0          0          0          0          0          0          0 
         0          0          0          0          0          0          0          0          0          0 
         0          0          0          0          0          0          0          0          0          0 
         0          0          0          0   0.806484 -0.2522119 -0.2230514 -0.1689946 -0.1189354          0 
         0          0          0          0 -0.2522119   0.671289 -0.2907057 -0.2202529   -0.15501          0 
         0          0          0          0 -0.2230514 -0.2907057  0.7429054 -0.1947874 -0.1370879          0 
         0          0          0          0 -0.1689946 -0.2202529 -0.1947874  0.8524195 -0.1038645          0 
         0          0          0          0 -0.1189354   -0.15501 -0.1370879 -0.1038645   0.926902          0 
         0          0          0          0          0          0          0          0          0          0 
         0          0          0          0          0          0          0          0          0          0 
         0          0          0          0          0          0          0          0          0          0 
         0          0          0          0          0          0          0          0          0          0 
         0          0          0          0          0          0          0          0          0          0 
         0          0          0          0  0.7936033 -0.2600856 -0.2278769 -0.1720975 -0.1208601          0 
         0          0          0          0 -0.2600856  0.6722598 -0.2871533 -0.2168643 -0.1522988          0 
         0          0          0          0 -0.2278769 -0.2871533  0.7484073 -0.1900081 -0.1334383          0 
         0          0          0          0 -0.1720975 -0.2168643 -0.1900081  0.8565019 -0.1007754          0 
         0          0          0          0 -0.1208601 -0.1522988 -0.1334383 -0.1007754  0.9292277          0 
         0          0          0          0          0          0          0          0          0          0 
         0          0          0          0          0          0          0          0          0          0 
         0          0          0          0          0          0          0          0          0          0 
         0          0          0          0          0          0          0          0          0          0 
         0          0          0          0          0          0          0          0          0          0 
         0          0          0          0  0.7811927 -0.2674681 -0.2322364 -0.1746423 -0.1223021          0 
         0          0          0          0 -0.2674681  0.6730494 -0.2838837 -0.2134812  -0.149501          0 
         0          0          0          0 -0.2322364 -0.2838837  0.7535103 -0.1853608 -0.1298083          0 
         0          0          0          0 -0.1746423 -0.2134812 -0.1853608  0.8606082 -0.09761616          0 
         0          0          0          0 -0.1223021  -0.149501 -0.1298083 -0.09761616  0.9316393          0 
         0          0          0          0          0          0          0          0          0          0 
         0          0          0          0          0          0          0          0          0          0 
         0          0          0          0          0          0          0          0          0          0 
         0          0          0          0          0          0          0          0          0          0 
         0          0          0          0          0          0          0          0          0          0 
         0          0          0          0  0.7726167 -0.2724792  -0.234953 -0.1762004 -0.1232302          0 
         0          0          0          0 -0.2724792  0.6734811 -0.2815502 -0.2111455   -0.14767          0 
         0          0          0          0  -0.234953 -0.2815502  0.7572253 -0.1820662 -0.1273326          0 
         0          0          0          0 -0.1762004 -0.2111455 -0.1820662  0.8634614 -0.09549173          0 
         0          0          0          0 -0.1232302   -0.14767 -0.1273326 -0.09549173  0.9332154          0 
         0          0          0          0          0          0          0          0          0          0 
         0          0          0          0          0          0          0          0          0          0 
         0          0          0          0          0          0          0          0          0          0 
         0          0          0          0          0          0          0          0          0          0 
         0          0          0          0          0          0          0          0          0          0 
         0          0          0          0  0.7618055  -0.278501 -0.2382591 -0.1780306 -0.1242287          0 
         0          0          0          0  -0.278501   0.674372 -0.2785765 -0.2081563 -0.1452503          0 
         0          0          0          0 -0.2382591 -0.2785765  0.7616762 -0.1780789 -0.1242624          0 
         0          0          0          0 -0.1780306 -0.2081563 -0.1780789  0.8669369 -0.09285067          0 
         0          0          0          0 -0.1242287 -0.1452503 -0.1242624 -0.09285067  0.9352093          0 
         0          0          0          0          0          0          0          0          0          0 
         0          0          0          0          0          0          0          0          0          0 
         0          0          0          0          0          0          0          0          0          0 
         0          0          0          0          0          0          0          0          0          0 
         0          0          0          0          0          0          0          0          0          0 
         0          0          0          0  0.7507825 -0.2847736  -0.241192 -0.1794683 -0.1250187          0 
         0          0          0          0 -0.2847736  0.6745974 -0.2756032 -0.2050732 -0.1428552          0 
         0          0          0          0  -0.241192 -0.2756032   0.766575 -0.1736889 -0.1209927          0 
         0          0          0          0 -0.1794683 -0.2050732 -0.1736889    0.87076 -0.09002933          0 
         0          0          0          0 -0.1250187 -0.1428552 -0.1209927 -0.09002933   0.937285          0 
         0          0          0          0          0          0          0          0          0          0 
         0          0          0          0          0          0          0          0          0          0 
         0          0          0          0          0          0          0          0          0          0 
         0          0          0          0          0          0          0          0          0          0 
         0          0          0          0          0          0          0          0          0          0 
         0          0          0          0  0.7411646 -0.2896136 -0.2437324 -0.1809273  -0.125791          0 
         0          0          0          0 -0.2896136  0.6759482 -0.2727148 -0.2024414 -0.1407489          0 
         0          0          0          0 -0.2437324 -0.2727148  0.7704892 -0.1703702 -0.1184512          0 
         0          0          0          0 -0.1809273 -0.2024414 -0.1703702  0.8735309 -0.08792857          0 
         0          0          0          0  -0.125791 -0.1407489 -0.1184512 -0.08792857   0.938867          0 
         0          0          0          0          0          0          0          0          0          0 
         0          0          0          0          0          0          0          0          0          0 
         0          0          0          0          0          0          0          0          0          0 
         0          0          0          0          0          0          0          0          0          0 
         0          0          0          0          0          0          0          0          0          0 
         0          0          0          0  0.7320713 -0.2944904 -0.2458605 -0.1818411 -0.1261141          0 
         0          0          0          0 -0.2944904  0.6763147 -0.2702344 -0.1998683 -0.1386167          0 
         0          0          0          0 -0.2458605 -0.2702344  0.7743901 -0.1668636 -0.1157266          0 
         0          0          0          0 -0.1818411 -0.1998683 -0.1668636  0.8765859 -0.08559262          0 
         0          0          0          0 -0.1261141 -0.1386167 -0.1157266 -0.08559262  0.9406381          0 
         0          0          0          0          0          0          0          0          0          0 
         0          0          0          0          0          0          0          0          0          0 
         0          0          0          0          0          0          0          0          0          0 
         0          0          0          0          0          0          0          0          0          0 
         0          0          0          0          0          0          0          0          0          0 
         0          0          0          0   0.721681   -0.29951 -0.2482393 -0.1829317 -0.1267459          0 
         0          0          0          0   -0.29951  0.6776856 -0.2671401   -0.19686 -0.1363962          0 
         0          0          0          0 -0.2482393 -0.2671401  0.7785895 -0.1631611 -0.1130477          0 
         0          0          0          0 -0.1829317   -0.19686 -0.1631611  0.8797638 -0.08330672          0 
         0          0          0          0 -0.1267459 -0.1363962 -0.1130477 -0.08330672  0.9422802          0 
         0          0          0          0          0          0          0          0          0          0 
         0          0          0          0          0          0          0          0          0          0 
         0          0          0          0          0          0          0          0          0          0 
         0          0          0          0          0          0          0          0          0          0 
         0          0          0          0          0          0          0          0          0          0 
         0          0          0          0   0.713269 -0.3036203 -0.2499812 -0.1836629 -0.1269188          0 
         0          0          0          0 -0.3036203  0.6784956 -0.2647059 -0.1944812 -0.1343947          0 
         0          0          0          0 -0.2499812 -0.2647059  0.7820584 -0.1601232 -0.1106519          0 
         0          0          0          0 -0.1836629 -0.1944812 -0.1601232  0.8823564 -0.08129666          0 
         0          0          0          0 -0.1269188 -0.1343947 -0.1106519 -0.08129666  0.9438206          0 
         0          0          0          0          0          0          0          0          0          0 
         0          0          0          0          0          0          0          0          0          0 
         0          0          0          0          0          0          0          0          0          0 
         0          0          0          0          0          0          0          0          0          0 
         0          0          0          0          0          0          0          0          0          0 
         0          0          0          0  0.7074106 -0.3067707 -0.2509687 -0.1837574 -0.1269665          0 
         0          0          0          0 -0.3067707  0.6783606 -0.2631327 -0.1926638 -0.1331204          0 
         0          0          0          0 -0.2509687 -0.2631327  0.7847315  -0.157618 -0.1089056          0 
         0          0          0          0 -0.1837574 -0.1926638  -0.157618  0.8845933 -0.07973987          0 
         0          0          0          0 -0.1269665 -0.1331204 -0.1089056 -0.07973987   0.944904          0 
         0          0          0          0          0          0          0          0          0          0 
         0          0          0          0          0          0          0          0          0          0 
         0          0          0          0          0          0          0          0          0          0 
         0          0          0          0          0          0          0          0          0          0 
         0          0          0          0          0          0          0          0          0          0 
         0          0          0          0  0.6995868 -0.3103723 -0.2523974 -0.1843698 -0.1270333          0 
         0          0          0          0 -0.3103723  0.6793383 -0.2607647  -0.190482 -0.1312446          0 
         0          0          0          0 -0.2523974 -0.2607647  0.7879439 -0.1549015 -0.1067292          0 
         0          0          0          0 -0.1843698  -0.190482 -0.1549015  0.8868484 -0.07796296          0 
         0          0          0          0 -0.1270333 -0.1312446 -0.1067292 -0.07796296  0.9462825          0 
         0          0          0          0          0          0          0          0          0          0 
         0          0          0          0          0          0          0          0          0          0 
         0          0          0          0          0          0          0          0          0          0 
         0          0          0          0          0          0          0          0          0          0 
         0          0          0          0          0          0          0          0          0          0 
         0          0          0          0  0.6920556 -0.3140242 -0.2536573 -0.1845752 -0.1268598          0 
         0          0          0          0 -0.3140242   0.679776 -0.2586653 -0.1882193 -0.1293644          0 
         0          0          0          0 -0.2536573 -0.2586653  0.7910596 -0.1520367 -0.1044959          0 
         0          0          0          0 -0.1845752 -0.1882193 -0.1520367  0.8893696 -0.07603704          0 
         0          0          0          0 -0.1268598 -0.1293644 -0.1044959 -0.07603704  0.9477392          0 
         0          0          0          0          0          0          0          0          0          0 
