 0.7143493 -0.2856507 -0.2856507          0          0          0          0          0          0          0 
-0.2856507  0.7143493 -0.2856507          0          0          0          0          0          0          0 
-0.2856507 -0.2856507  0.7143493          0          0          0          0          0          0          0 
         0          0          0          0          0          0          0          0          0          0 
         0          0          0          0   0.865815 -0.08138177 -0.08113148 -0.09745623 -0.1156058          0 
         0          0          0          0 -0.08138177  0.6678634 -0.3333252 -0.2558013 -0.1696117          0 
         0          0          0          0 -0.08113148 -0.3333252  0.6654794 -0.2565519 -0.1698677          0 
         0          0          0          0 -0.09745623 -0.2558013 -0.2565519  0.7924024 -0.1531711          0 
         0          0          0          0 -0.1156058 -0.1696117 -0.1698677 -0.1531711  0.8653918          0 
         0          0          0          0          0          0          0          0          0          0 
 0.7109093 -0.2890907 -0.2890907          0          0          0          0          0          0          0 
-0.2890907  0.7109093 -0.2890907          0          0          0          0          0          0          0 
-0.2890907 -0.2890907  0.7109093          0          0          0          0          0          0          0 
         0          0          0          0          0          0          0          0          0          0 
         0          0          0          0  0.8705712 -0.09433655 -0.09485416 -0.1064273 -0.1190796          0 
         0          0          0          0 -0.09433655  0.6626976 -0.3337187 -0.2535907 -0.1659905          0 
         0          0          0          0 -0.09485416 -0.3337187  0.6698045 -0.2514201 -0.1652986          0 
         0          0          0          0 -0.1064273 -0.2535907 -0.2514201  0.7971131 -0.1498278          0 
         0          0          0          0 -0.1190796 -0.1659905 -0.1652986 -0.1498278  0.8670857          0 
         0          0          0          0          0          0          0          0          0          0 
 0.7055959 -0.2944041 -0.2944041          0          0          0          0          0          0          0 
-0.2944041  0.7055959 -0.2944041          0          0          0          0          0          0          0 
-0.2944041 -0.2944041  0.7055959          0          0          0          0          0          0          0 
         0          0          0          0          0          0          0          0          0          0 
         0          0          0          0  0.8746676 -0.1165161 -0.1168826  -0.120148 -0.1236102          0 
         0          0          0          0 -0.1165161  0.6584422 -0.3322035 -0.2488521 -0.1604765          0 
         0          0          0          0 -0.1168826 -0.3322035  0.6767468 -0.2435022 -0.1589441          0 
         0          0          0          0  -0.120148 -0.2488521 -0.2435022  0.8041674 -0.1452895          0 
         0          0          0          0 -0.1236102 -0.1604765 -0.1589441 -0.1452895  0.8691882          0 
         0          0          0          0          0          0          0          0          0          0 
 0.7031504 -0.2968496 -0.2968496          0          0          0          0          0          0          0 
-0.2968496  0.7031504 -0.2968496          0          0          0          0          0          0          0 
-0.2968496 -0.2968496  0.7031504          0          0          0          0          0          0          0 
         0          0          0          0          0          0          0          0          0          0 
         0          0          0          0  0.8749456 -0.1284469 -0.1282467 -0.1269099 -0.1255114          0 
         0          0          0          0 -0.1284469  0.6564353  -0.330873 -0.2461052 -0.1574243          0 
         0          0          0          0 -0.1282467  -0.330873  0.6810817 -0.2390728 -0.1555415          0 
         0          0          0          0 -0.1269099 -0.2461052 -0.2390728  0.8078964 -0.1429661          0 
         0          0          0          0 -0.1255114 -0.1574243 -0.1555415 -0.1429661  0.8701898          0 
         0          0          0          0          0          0          0          0          0          0 
 0.7003259 -0.2996741 -0.2996741          0          0          0          0          0          0          0 
-0.2996741  0.7003259 -0.2996741          0          0          0          0          0          0          0 
-0.2996741 -0.2996741  0.7003259          0          0          0          0          0          0          0 
         0          0          0          0          0          0          0          0          0          0 
         0          0          0          0  0.8731828 -0.1450892 -0.1434348 -0.1355748 -0.1275331          0 
         0          0          0          0 -0.1450892  0.6529176 -0.3287931 -0.2419028 -0.1530034          0 
         0          0          0          0 -0.1434348 -0.3287931  0.6879899 -0.2322755 -0.1506972          0 
         0          0          0          0 -0.1355748 -0.2419028 -0.2322755  0.8134631 -0.1397408          0 
         0          0          0          0 -0.1275331 -0.1530034 -0.1506972 -0.1397408  0.8714689          0 
         0          0          0          0          0          0          0          0          0          0 
 0.6979015 -0.3020985 -0.3020985          0          0          0          0          0          0          0 
-0.3020985  0.6979015 -0.3020985          0          0          0          0          0          0          0 
-0.3020985 -0.3020985  0.6979015          0          0          0          0          0          0          0 
         0          0          0          0          0          0          0          0          0          0 
         0          0          0          0  0.8690114 -0.1615791  -0.157845 -0.1434182 -0.1288683          0 
         0          0          0          0 -0.1615791  0.6515703 -0.3256214 -0.2375008 -0.1486281          0 
         0          0          0          0  -0.157845 -0.3256214  0.6948586 -0.2260164 -0.1462161          0 
         0          0          0          0 -0.1434182 -0.2375008 -0.2260164  0.8183539 -0.1368972          0 
         0          0          0          0 -0.1288683 -0.1486281 -0.1462161 -0.1368972  0.8725013          0 
         0          0          0          0          0          0          0          0          0          0 
 0.6964149 -0.3035851 -0.3035851          0          0          0          0          0          0          0 
-0.3035851  0.6964149 -0.3035851          0          0          0          0          0          0          0 
-0.3035851 -0.3035851  0.6964149          0          0          0          0          0          0          0 
         0          0          0          0          0          0          0          0          0          0 
         0          0          0          0  0.8637342 -0.1753644 -0.1692517 -0.1492671 -0.1294136          0 
         0          0          0          0 -0.1753644  0.6498426 -0.3228301 -0.2334879 -0.1447313          0 
         0          0          0          0 -0.1692517 -0.3228301  0.7011804 -0.2203208 -0.1423365          0 
         0          0          0          0 -0.1492671 -0.2334879 -0.2203208  0.8227271 -0.1345072          0 
         0          0          0          0 -0.1294136 -0.1447313 -0.1423365 -0.1345072  0.8732709          0 
         0          0          0          0          0          0          0          0          0          0 
 0.6950842 -0.3049158 -0.3049158          0          0          0          0          0          0          0 
-0.3049158  0.6950842 -0.3049158          0          0          0          0          0          0          0 
-0.3049158 -0.3049158  0.6950842          0          0          0          0          0          0          0 
         0          0          0          0          0          0          0          0          0          0 
         0          0          0          0  0.8567078  -0.189189 -0.1803146 -0.1547233 -0.1295839          0 
         0          0          0          0  -0.189189  0.6497546 -0.3191042  -0.229302 -0.1410855          0 
         0          0          0          0 -0.1803146 -0.3191042  0.7077316 -0.2148818 -0.1388616          0 
         0          0          0          0 -0.1547233  -0.229302 -0.2148818  0.8267019 -0.1324485          0 
         0          0          0          0 -0.1295839 -0.1410855 -0.1388616 -0.1324485  0.8738513          0 
         0          0          0          0          0          0          0          0          0          0 
  0.694164  -0.305836  -0.305836          0          0          0          0          0          0          0 
 -0.305836   0.694164  -0.305836          0          0          0          0          0          0          0 
 -0.305836  -0.305836   0.694164          0          0          0          0          0          0          0 
         0          0          0          0          0          0          0          0          0          0 
         0          0          0          0  0.8476115 -0.2035182 -0.1912301 -0.1597956 -0.1291964          0 
         0          0          0          0 -0.2035182  0.6499014 -0.3148707 -0.2247533 -0.1370305          0 
         0          0          0          0 -0.1912301 -0.3148707  0.7148439 -0.2091419 -0.1351477          0 
         0          0          0          0 -0.1597956 -0.2247533 -0.2091419   0.830794 -0.1303313          0 
         0          0          0          0 -0.1291964 -0.1370305 -0.1351477 -0.1303313   0.874357          0 
         0          0          0          0          0          0          0          0          0          0 
 0.6936599 -0.3063401 -0.3063401          0          0          0          0          0          0          0 
-0.3063401  0.6936599 -0.3063401          0          0          0          0          0          0          0 
-0.3063401 -0.3063401  0.6936599          0          0          0          0          0          0          0 
         0          0          0          0          0          0          0          0          0          0 
         0          0          0          0  0.8379056 -0.2162329 -0.2005109 -0.1637417 -0.1284696          0 
         0          0          0          0 -0.2162329  0.6506146 -0.3107175 -0.2202843 -0.1335333          0 
         0          0          0          0 -0.2005109 -0.3107175  0.7212868 -0.2038642 -0.1320628          0 
         0          0          0          0 -0.1637417 -0.2202843 -0.2038642  0.8345379 -0.1286236          0 
         0          0          0          0 -0.1284696 -0.1335333 -0.1320628 -0.1286236  0.8746755          0 
         0          0          0          0          0          0          0          0          0          0 
  0.693597  -0.306403  -0.306403          0          0          0          0          0          0          0 
 -0.306403   0.693597  -0.306403          0          0          0          0          0          0          0 
 -0.306403  -0.306403   0.693597          0          0          0          0          0          0          0 
         0          0          0          0          0          0          0          0          0          0 
         0          0          0          0   0.825089 -0.2306617 -0.2103355  -0.167511 -0.1270385          0 
         0          0          0          0 -0.2306617  0.6513141 -0.3056554 -0.2149958 -0.1293155          0 
         0          0          0          0 -0.2103355 -0.3056554  0.7290973 -0.1976833 -0.1284853          0 
         0          0          0          0  -0.167511 -0.2149958 -0.1976833  0.8387919 -0.1267363          0 
         0          0          0          0 -0.1270385 -0.1293155 -0.1284853 -0.1267363  0.8749167          0 
         0          0          0          0          0          0          0          0          0          0 
 0.6937686 -0.3062314 -0.3062314          0          0          0          0          0          0          0 
-0.3062314  0.6937686 -0.3062314          0          0          0          0          0          0          0 
-0.3062314 -0.3062314  0.6937686          0          0          0          0          0          0          0 
         0          0          0          0          0          0          0          0          0          0 
         0          0          0          0  0.8157483 -0.2398779 -0.2163319 -0.1695756 -0.1258397          0 
         0          0          0          0 -0.2398779  0.6522733 -0.3020753 -0.2114237 -0.1266281          0 
         0          0          0          0 -0.2163319 -0.3020753  0.7342191 -0.1937098 -0.1262944          0 
         0          0          0          0 -0.1695756 -0.2114237 -0.1937098  0.8414653 -0.1256317          0 
         0          0          0          0 -0.1258397 -0.1266281 -0.1262944 -0.1256317  0.8749881          0 
         0          0          0          0          0          0          0          0          0          0 
  0.694371  -0.305629  -0.305629          0          0          0          0          0          0          0 
 -0.305629   0.694371  -0.305629          0          0          0          0          0          0          0 
 -0.305629  -0.305629   0.694371          0          0          0          0          0          0          0 
         0          0          0          0          0          0          0          0          0          0 
         0          0          0          0  0.8027116 -0.2517103 -0.2232882 -0.1716192 -0.1239006          0 
         0          0          0          0 -0.2517103  0.6528964 -0.2972839 -0.2067162 -0.1230729          0 
         0          0          0          0 -0.2232882 -0.2972839  0.7413607 -0.1883866 -0.1235052          0 
         0          0          0          0 -0.1716192 -0.2067162 -0.1883866   0.844935  -0.124291          0 
         0          0          0          0 -0.1239006 -0.1230729 -0.1235052  -0.124291  0.8749833          0 
         0          0          0          0          0          0          0          0          0          0 
 0.6950515 -0.3049485 -0.3049485          0          0          0          0          0          0          0 
-0.3049485  0.6950515 -0.3049485          0          0          0          0          0          0          0 
-0.3049485 -0.3049485  0.6950515          0          0          0          0          0          0          0 
         0          0          0          0          0          0          0          0          0          0 
         0          0          0          0  0.7905038 -0.2615211 -0.2288385 -0.1730849 -0.1219846          0 
         0          0          0          0 -0.2615211   0.654422 -0.2927725 -0.2026911  -0.120128          0 
         0          0          0          0 -0.2288385 -0.2927725  0.7473915 -0.1840922 -0.1212943          0 
         0          0          0          0 -0.1730849 -0.2026911 -0.1840922  0.8476359  -0.123284          0 
         0          0          0          0 -0.1219846  -0.120128 -0.1212943  -0.123284  0.8748924          0 
         0          0          0          0          0          0          0          0          0          0 
  0.696041  -0.303959  -0.303959          0          0          0          0          0          0          0 
 -0.303959   0.696041  -0.303959          0          0          0          0          0          0          0 
 -0.303959  -0.303959   0.696041          0          0          0          0          0          0          0 
         0          0          0          0          0          0          0          0          0          0 
         0          0          0          0  0.7784014   -0.27058 -0.2336006 -0.1738951 -0.1197678          0 
         0          0          0          0   -0.27058  0.6556019 -0.2886678  -0.198688 -0.1171148          0 
         0          0          0          0 -0.2336006 -0.2886678  0.7529061 -0.1799702 -0.1191178          0 
         0          0          0          0 -0.1738951  -0.198688 -0.1799702  0.8502508 -0.1223516          0 
         0          0          0          0 -0.1197678 -0.1171148 -0.1191178 -0.1223516  0.8747166          0 
         0          0          0          0          0          0          0          0          0          0 
 0.6968054 -0.3031946 -0.3031946          0          0          0          0          0          0          0 
-0.3031946  0.6968054 -0.3031946          0          0          0          0          0          0          0 
-0.3031946 -0.3031946  0.6968054          0          0          0          0          0          0          0 
         0          0          0          0          0          0          0          0          0          0 
         0          0          0          0  0.7698093  -0.276659 -0.2364627  -0.174212 -0.1182064          0 
         0          0          0          0  -0.276659  0.6563451 -0.2857017 -0.1959515 -0.1152053          0 
         0          0          0          0 -0.2364627 -0.2857017  0.7568913 -0.1771462 -0.1178013          0 
         0          0          0          0  -0.174212 -0.1959515 -0.1771462  0.8519769 -0.1218217          0 
         0          0          0          0 -0.1182064 -0.1152053 -0.1178013 -0.1218217  0.8745612          0 
         0          0          0          0          0          0          0          0          0          0 
  0.697979  -0.302021  -0.302021          0          0          0          0          0          0          0 
 -0.302021   0.697979  -0.302021          0          0          0          0          0          0          0 
 -0.302021  -0.302021   0.697979          0          0          0          0          0          0          0 
         0          0          0          0          0          0          0          0          0          0 
         0          0          0          0  0.7578394 -0.2845195 -0.2400845 -0.1743985 -0.1158774          0 
         0          0          0          0 -0.2845195   0.657807 -0.2816928 -0.1922582 -0.1125791          0 
         0          0          0          0 -0.2400845 -0.2816928  0.7619547 -0.1735231  -0.116039          0 
         0          0          0          0 -0.1743985 -0.1922582 -0.1735231  0.8541721 -0.1211536          0 
         0          0          0          0 -0.1158774 -0.1125791  -0.116039 -0.1211536  0.8742897          0 
         0          0          0          0          0          0          0          0          0          0 
 0.6993481 -0.3006519 -0.3006519          0          0          0          0          0          0          0 
-0.3006519  0.6993481 -0.3006519          0          0          0          0          0          0          0 
-0.3006519 -0.3006519  0.6993481          0          0          0          0          0          0          0 
         0          0          0          0          0          0          0          0          0          0 
         0          0          0          0  0.7460438 -0.2921053 -0.2429298  -0.174065 -0.1134551          0 
         0          0          0          0 -0.2921053  0.6584599  -0.277817 -0.1885799 -0.1100398          0 
         0          0          0          0 -0.2429298  -0.277817  0.7671537 -0.1698697 -0.1144423          0 
         0          0          0          0  -0.174065 -0.1885799 -0.1698697  0.8563319 -0.1206074          0 
         0          0          0          0 -0.1134551 -0.1100398 -0.1144423 -0.1206074  0.8739664          0 
         0          0          0          0          0          0          0          0          0          0 
 0.7004067 -0.2995933 -0.2995933          0          0          0          0          0          0          0 
-0.2995933  0.7004067 -0.2995933          0          0          0          0          0          0          0 
-0.2995933 -0.2995933  0.7004067          0          0          0          0          0          0          0 
         0          0          0          0          0          0          0          0          0          0 
         0          0          0          0  0.7356373 -0.2978827 -0.2453118  -0.173969 -0.1114334          0 
         0          0          0          0 -0.2978827   0.660535 -0.2742496 -0.1857472 -0.1081703          0 
         0          0          0          0 -0.2453118 -0.2742496  0.7711349 -0.1672749 -0.1132879          0 
         0          0          0          0  -0.173969 -0.1857472 -0.1672749  0.8577933  -0.120233          0 
         0          0          0          0 -0.1114334 -0.1081703 -0.1132879  -0.120233  0.8736793          0 
         0          0          0          0          0          0          0          0          0          0 
 0.7018026 -0.2981974 -0.2981974          0          0          0          0          0          0          0 
-0.2981974  0.7018026 -0.2981974          0          0          0          0          0          0          0 
-0.2981974 -0.2981974  0.7018026          0          0          0          0          0          0          0 
         0          0          0          0          0          0          0          0          0          0 
         0          0          0          0  0.7253242 -0.3038606 -0.2471851 -0.1732485 -0.1090528          0 
         0          0          0          0 -0.3038606  0.6612638 -0.2710096 -0.1826564 -0.1059433          0 
         0          0          0          0 -0.2471851 -0.2710096  0.7752564 -0.1643868 -0.1119818          0 
         0          0          0          0 -0.1732485 -0.1826564 -0.1643868  0.8594469 -0.1198594          0 
         0          0          0          0 -0.1090528 -0.1059433 -0.1119818 -0.1198594  0.8733009          0 
         0          0          0          0          0          0          0          0          0          0 
 0.7031918 -0.2968082 -0.2968082          0          0          0          0          0          0          0 
-0.2968082  0.7031918 -0.2968082          0          0          0          0          0          0          0 
-0.2968082 -0.2968082  0.7031918          0          0          0          0          0          0          0 
         0          0          0          0          0          0          0          0          0          0 
         0          0          0          0  0.7135028 -0.3098335 -0.2491802 -0.1725095 -0.1066984          0 
         0          0          0          0 -0.3098335  0.6634581 -0.2671242 -0.1793746 -0.1040538          0 
         0          0          0          0 -0.2491802 -0.2671242  0.7795141 -0.1615315 -0.1109273          0 
         0          0          0          0 -0.1725095 -0.1793746 -0.1615315  0.8610236  -0.119616          0 
         0          0          0          0 -0.1066984 -0.1040538 -0.1109273  -0.119616   0.872926          0 
         0          0          0          0          0          0          0          0          0          0 
 0.7044723 -0.2955277 -0.2955277          0          0          0          0          0          0          0 
-0.2955277  0.7044723 -0.2955277          0          0          0          0          0          0          0 
-0.2955277 -0.2955277  0.7044723          0          0          0          0          0          0          0 
         0          0          0          0          0          0          0          0          0          0 
         0          0          0          0  0.7044969 -0.3144392 -0.2503702 -0.1717045 -0.1045293          0 
         0          0          0          0 -0.3144392  0.6645216 -0.2642939 -0.1768915 -0.1022558          0 
         0          0          0          0 -0.2503702 -0.2642939  0.7828158 -0.1593416  -0.109948          0 
         0          0          0          0 -0.1717045 -0.1768915 -0.1593416  0.8622067 -0.1193926          0 
         0          0          0          0 -0.1045293 -0.1022558  -0.109948 -0.1193926  0.8725423          0 
         0          0          0          0          0          0          0          0          0          0 
  0.705541  -0.294459  -0.294459          0          0          0          0          0          0          0 
 -0.294459   0.705541  -0.294459          0          0          0          0          0          0          0 
 -0.294459  -0.294459   0.705541          0          0          0          0          0          0          0 
         0          0          0          0          0          0          0          0          0          0 
         0          0          0          0  0.6978377 -0.3180628  -0.250962 -0.1706612 -0.1029552          0 
         0          0          0          0 -0.3180628  0.6646096 -0.2622672 -0.1747594 -0.1009767          0 
         0          0          0          0  -0.250962 -0.2622672  0.7854413  -0.157465 -0.1093262          0 
         0          0          0          0 -0.1706612 -0.1747594  -0.157465  0.8632314 -0.1193183          0 
         0          0          0          0 -0.1029552 -0.1009767 -0.1093262 -0.1193183  0.8722569          0 
         0          0          0          0          0          0          0          0          0          0 
 0.7068706 -0.2931294 -0.2931294          0          0          0          0          0          0          0 
-0.2931294  0.7068706 -0.2931294          0          0          0          0          0          0          0 
-0.2931294 -0.2931294  0.7068706          0          0          0          0          0          0          0 
         0          0          0          0          0          0          0          0          0          0 
         0          0          0          0  0.6883442 -0.3223723 -0.2519361 -0.1698124 -0.1006752          0 
         0          0          0          0 -0.3223723   0.666296 -0.2592238 -0.1723853 -0.09927862          0 
         0          0          0          0 -0.2519361 -0.2592238  0.7886766 -0.1554749 -0.1084578          0 
         0          0          0          0 -0.1698124 -0.1723853 -0.1554749  0.8642414 -0.1191601          0 
         0          0          0          0 -0.1006752 -0.09927862 -0.1084578 -0.1191601    0.87183          0 
         0          0          0          0          0          0          0          0          0          0 
 0.7083036 -0.2916964 -0.2916964          0          0          0          0          0          0          0 
-0.2916964  0.7083036 -0.2916964          0          0          0          0          0          0          0 
-0.2916964 -0.2916964  0.7083036          0          0          0          0          0          0          0 
         0          0          0          0          0          0          0          0          0          0 
         0          0          0          0  0.6796547 -0.3265293 -0.2525979 -0.1684976 -0.09838938          0 
         0          0          0          0 -0.3265293  0.6670909 -0.2566373 -0.1698746 -0.09754697          0 
         0          0          0          0 -0.2525979 -0.2566373  0.7916541 -0.1534123 -0.1076182          0 
         0          0          0          0 -0.1684976 -0.1698746 -0.1534123  0.8653144 -0.1190746          0 
         0          0          0          0 -0.09838938 -0.09754697 -0.1076182 -0.1190746   0.871375          0 
         0          0          0          0          0          0          0          0          0          0 
