         0          0          0          0          0          0          0          0          0          0 
         0          0          0          0          0          0          0          0          0          0 
         0          0          0          0          0          0          0          0          0          0 
         0          0          0          0          0          0          0          0          0          0 
         0          0          0          0          0          0          0          0          0          0 
         0          0          0          0          0  0.6827381 -0.3182299 -0.2550929 -0.1848983 -0.1267939 
         0          0          0          0          0 -0.3182299  0.6807991 -0.2558713 -0.1854625 -0.1271808 
         0          0          0          0          0 -0.2550929 -0.2558713  0.7948937 -0.1486666  -0.101948 
         0          0          0          0          0 -0.1848983 -0.1854625 -0.1486666  0.8922424 -0.07389472 
         0          0          0          0          0 -0.1267939 -0.1271808  -0.101948 -0.07389472  0.9493267 
         0          0          0          0          0          0          0          0          0          0 
         0          0          0          0          0          0          0          0          0          0 
         0          0          0          0          0          0          0          0          0          0 
         0          0          0          0          0          0          0          0          0          0 
         0          0          0          0          0          0          0          0          0          0 
         0          0          0          0          0  0.6758171 -0.3212708 -0.2561594 -0.1849761 -0.1266476 
         0          0          0          0          0 -0.3212708  0.6816151 -0.2538584 -0.1833145 -0.1255099 
         0          0          0          0          0 -0.2561594 -0.2538584  0.7975907 -0.1461624  -0.100073 
         0          0          0          0          0 -0.1849761 -0.1833145 -0.1461624  0.8944542 -0.07226405 
         0          0          0          0          0 -0.1266476 -0.1255099  -0.100073 -0.07226405   0.950523 
         0          0          0          0          0          0          0          0          0          0 
         0          0          0          0          0          0          0          0          0          0 
         0          0          0          0          0          0          0          0          0          0 
         0          0          0          0          0          0          0          0          0          0 
         0          0          0          0          0          0          0          0          0          0 
         0          0          0          0          0  0.6673097 -0.3250644 -0.2571137 -0.1850672 -0.1264251 
         0          0          0          0          0 -0.3250644  0.6823868 -0.2512201  -0.180825 -0.1235272 
         0          0          0          0          0 -0.2571137 -0.2512201  0.8012943 -0.1430258 -0.09770537 
         0          0          0          0          0 -0.1850672  -0.180825 -0.1430258  0.8970518 -0.07032707 
         0          0          0          0          0 -0.1264251 -0.1235272 -0.09770537 -0.07032707  0.9519574 
         0          0          0          0          0          0          0          0          0          0 
         0          0          0          0          0          0          0          0          0          0 
         0          0          0          0          0          0          0          0          0          0 
         0          0          0          0          0          0          0          0          0          0 
         0          0          0          0          0          0          0          0          0          0 
         0          0          0          0          0  0.6625842 -0.3270309 -0.2576708 -0.1851089 -0.1263234 
         0          0          0          0          0 -0.3270309  0.6830343 -0.2497403 -0.1794117 -0.1224355 
         0          0          0          0          0 -0.2576708 -0.2497403  0.8032272 -0.1413602 -0.09646808 
         0          0          0          0          0 -0.1851089 -0.1794117 -0.1413602  0.8984478 -0.06930198 
         0          0          0          0          0 -0.1263234 -0.1224355 -0.09646808 -0.06930198  0.9527064 
         0          0          0          0          0          0          0          0          0          0 
         0          0          0          0          0          0          0          0          0          0 
         0          0          0          0          0          0          0          0          0          0 
         0          0          0          0          0          0          0          0          0          0 
         0          0          0          0          0          0          0          0          0          0 
         0          0          0          0          0  0.6548542 -0.3300817 -0.2585136 -0.1852907 -0.1261121 
         0          0          0          0          0 -0.3300817  0.6843249 -0.2472307 -0.1772036 -0.1206079 
         0          0          0          0          0 -0.2585136 -0.2472307  0.8063737 -0.1387825 -0.09445778 
         0          0          0          0          0 -0.1852907 -0.1772036 -0.1387825  0.9005271 -0.06770301 
         0          0          0          0          0 -0.1261121 -0.1206079 -0.09445778 -0.06770301  0.9539201 
         0          0          0          0          0          0          0          0          0          0 
         0          0          0          0          0          0          0          0          0          0 
         0          0          0          0          0          0          0          0          0          0 
         0          0          0          0          0          0          0          0          0          0 
         0          0          0          0          0          0          0          0          0          0 
         0          0          0          0          0  0.6484644 -0.3325515 -0.2592057  -0.185234 -0.1259706 
         0          0          0          0          0 -0.3325515  0.6854075 -0.2452077 -0.1752308 -0.1191678 
         0          0          0          0          0 -0.2592057 -0.2452077   0.808874 -0.1365828 -0.09288477 
         0          0          0          0          0  -0.185234 -0.1752308 -0.1365828  0.9023949 -0.06637748 
         0          0          0          0          0 -0.1259706 -0.1191678 -0.09288477 -0.06637748  0.9548592 
         0          0          0          0          0          0          0          0          0          0 
         0          0          0          0          0          0          0          0          0          0 
         0          0          0          0          0          0          0          0          0          0 
         0          0          0          0          0          0          0          0          0          0 
         0          0          0          0          0          0          0          0          0          0 
         0          0          0          0          0  0.6420767 -0.3349459 -0.2598247 -0.1851959 -0.1257739 
         0          0          0          0          0 -0.3349459  0.6865565 -0.2431448  -0.173307 -0.1176997 
         0          0          0          0          0 -0.2598247 -0.2431448  0.8113873  -0.134438 -0.09130217 
         0          0          0          0          0 -0.1851959  -0.173307  -0.134438  0.9041763 -0.06507769 
         0          0          0          0          0 -0.1257739 -0.1176997 -0.09130217 -0.06507769  0.9558031 
         0          0          0          0          0          0          0          0          0          0 
         0          0          0          0          0          0          0          0          0          0 
         0          0          0          0          0          0          0          0          0          0 
         0          0          0          0          0          0          0          0          0          0 
         0          0          0          0          0          0          0          0          0          0 
         0          0          0          0          0   0.636607  -0.336863 -0.2603581  -0.185204 -0.1255985 
         0          0          0          0          0  -0.336863  0.6877301 -0.2413503 -0.1716829  -0.116429 
         0          0          0          0          0 -0.2603581 -0.2413503  0.8134627 -0.1326921 -0.08998684 
         0          0          0          0          0  -0.185204 -0.1716829 -0.1326921  0.9056104 -0.06401155 
         0          0          0          0          0 -0.1255985  -0.116429 -0.08998684 -0.06401155  0.9565897 
         0          0          0          0          0          0          0          0          0          0 
         0          0          0          0          0          0          0          0          0          0 
         0          0          0          0          0          0          0          0          0          0 
         0          0          0          0          0          0          0          0          0          0 
         0          0          0          0          0          0          0          0          0          0 
         0          0          0          0          0  0.6305422  -0.338967 -0.2609673 -0.1850403 -0.1253647 
         0          0          0          0          0  -0.338967  0.6890075   -0.23943 -0.1697691 -0.1150185 
         0          0          0          0          0 -0.2609673   -0.23943  0.8156652 -0.1307036 -0.08855161 
         0          0          0          0          0 -0.1850403 -0.1697691 -0.1307036  0.9073239 -0.06278799 
         0          0          0          0          0 -0.1253647 -0.1150185 -0.08855161 -0.06278799  0.9574612 
         0          0          0          0          0          0          0          0          0          0 
         0          0          0          0          0          0          0          0          0          0 
         0          0          0          0          0          0          0          0          0          0 
         0          0          0          0          0          0          0          0          0          0 
         0          0          0          0          0          0          0          0          0          0 
         0          0          0          0          0  0.6251103 -0.3408693 -0.2613054  -0.184981 -0.1251282 
         0          0          0          0          0 -0.3408693  0.6900638 -0.2375925 -0.1681944 -0.1137731 
         0          0          0          0          0 -0.2613054 -0.2375925  0.8178651 -0.1289353 -0.08721677 
         0          0          0          0          0  -0.184981 -0.1681944 -0.1289353  0.9087253 -0.06174172 
         0          0          0          0          0 -0.1251282 -0.1137731 -0.08721677 -0.06174172  0.9582355 
         0          0          0          0          0          0          0          0          0          0 
         0          0          0          0          0          0          0          0          0          0 
         0          0          0          0          0          0          0          0          0          0 
         0          0          0          0          0          0          0          0          0          0 
         0          0          0          0          0          0          0          0          0          0 
         0          0          0          0          0  0.6181479 -0.3432016 -0.2617699 -0.1848107 -0.1248012 
         0          0          0          0          0 -0.3432016  0.6915369 -0.2352738 -0.1661044  -0.112169 
         0          0          0          0          0 -0.2617699 -0.2352738  0.8205498 -0.1266926 -0.08555456 
         0          0          0          0          0 -0.1848107 -0.1661044 -0.1266926  0.9105544 -0.06040189 
         0          0          0          0          0 -0.1248012  -0.112169 -0.08555456 -0.06040189  0.9592111 
         0          0          0          0          0          0          0          0          0          0 
         0          0          0          0          0          0          0          0          0          0 
         0          0          0          0          0          0          0          0          0          0 
         0          0          0          0          0          0          0          0          0          0 
         0          0          0          0          0          0          0          0          0          0 
         0          0          0          0          0  0.6136941 -0.3446773 -0.2620141 -0.1846908 -0.1245356 
         0          0          0          0          0 -0.3446773  0.6924653 -0.2337793 -0.1647884 -0.1111155 
         0          0          0          0          0 -0.2620141 -0.2337793  0.8222875 -0.1252675 -0.08446693 
         0          0          0          0          0 -0.1846908 -0.1647884 -0.1252675  0.9117003 -0.05953978 
         0          0          0          0          0 -0.1245356 -0.1111155 -0.08446693 -0.05953978  0.9598528 
         0          0          0          0          0          0          0          0          0          0 
         0          0          0          0          0          0          0          0          0          0 
         0          0          0          0          0          0          0          0          0          0 
         0          0          0          0          0          0          0          0          0          0 
         0          0          0          0  0.8030884 -0.2543541 -0.2243544 -0.1698177 -0.1194506          0 
         0          0          0          0 -0.2543541  0.6714465 -0.2898025 -0.2193564 -0.1542964          0 
         0          0          0          0 -0.2243544 -0.2898025  0.7443781 -0.1934846  -0.136098          0 
         0          0          0          0 -0.1698177 -0.2193564 -0.1934846  0.8535482 -0.1030149          0 
         0          0          0          0 -0.1194506 -0.1542964  -0.136098 -0.1030149  0.9275388          0 
         0          0          0          0          0          0          0          0          0          0 
         0          0          0          0          0          0          0          0          0          0 
         0          0          0          0          0          0          0          0          0          0 
         0          0          0          0          0          0          0          0          0          0 
         0          0          0          0          0          0          0          0          0          0 
         0          0          0          0  0.7905132 -0.2619328 -0.2289857 -0.1727808 -0.1212668          0 
         0          0          0          0 -0.2619328  0.6724911 -0.2863133 -0.2160373 -0.1516265          0 
         0          0          0          0 -0.2289857 -0.2863133  0.7497005 -0.1888631 -0.1325542          0 
         0          0          0          0 -0.1727808 -0.2160373 -0.1888631  0.8574937 -0.1000186          0 
         0          0          0          0 -0.1212668 -0.1516265 -0.1325542 -0.1000186  0.9298016          0 
         0          0          0          0          0          0          0          0          0          0 
         0          0          0          0          0          0          0          0          0          0 
         0          0          0          0          0          0          0          0          0          0 
         0          0          0          0          0          0          0          0          0          0 
         0          0          0          0          0          0          0          0          0          0 
         0          0          0          0  0.7785396 -0.2690204 -0.2331141 -0.1751413 -0.1225848          0 
         0          0          0          0 -0.2690204  0.6732058 -0.2831769  -0.212754 -0.1489107          0 
         0          0          0          0 -0.2331141 -0.2831769  0.7546189 -0.1843576 -0.1290355          0 
         0          0          0          0 -0.1751413  -0.212754 -0.1843576    0.86149 -0.09694584          0 
         0          0          0          0 -0.1225848 -0.1489107 -0.1290355 -0.09694584  0.9321457          0 
         0          0          0          0          0          0          0          0          0          0 
         0          0          0          0          0          0          0          0          0          0 
         0          0          0          0          0          0          0          0          0          0 
         0          0          0          0          0          0          0          0          0          0 
         0          0          0          0          0          0          0          0          0          0 
         0          0          0          0  0.7702771 -0.2738153 -0.2356742 -0.1766062  -0.123464          0 
         0          0          0          0 -0.2738153  0.6736292 -0.2809089 -0.2105036 -0.1471614          0 
         0          0          0          0 -0.2356742 -0.2809089  0.7582203 -0.1811814 -0.1266625          0 
         0          0          0          0 -0.1766062 -0.2105036 -0.1811814  0.8642288 -0.09491659          0 
         0          0          0          0  -0.123464 -0.1471614 -0.1266625 -0.09491659  0.9336445          0 
         0          0          0          0          0          0          0          0          0          0 
         0          0          0          0          0          0          0          0          0          0 
         0          0          0          0          0          0          0          0          0          0 
         0          0          0          0          0          0          0          0          0          0 
         0          0          0          0          0          0          0          0          0          0 
         0          0          0          0  0.7590364 -0.2800446 -0.2390482 -0.1784451 -0.1244526          0 
         0          0          0          0 -0.2800446   0.674536 -0.2778186 -0.2073865 -0.1446371          0 
         0          0          0          0 -0.2390482 -0.2778186   0.762852 -0.1770267 -0.1234633          0 
         0          0          0          0 -0.1784451 -0.2073865 -0.1770267  0.8678528 -0.09216311          0 
         0          0          0          0 -0.1244526 -0.1446371 -0.1234633 -0.09216311  0.9357229          0 
         0          0          0          0          0          0          0          0          0          0 
         0          0          0          0          0          0          0          0          0          0 
         0          0          0          0          0          0          0          0          0          0 
         0          0          0          0          0          0          0          0          0          0 
         0          0          0          0          0          0          0          0          0          0 
         0          0          0          0  0.7482072  -0.286165  -0.241858  -0.179811 -0.1252017          0 
         0          0          0          0  -0.286165  0.6747706 -0.2748741  -0.204357  -0.142293          0 
         0          0          0          0  -0.241858 -0.2748741  0.7676847 -0.1727163 -0.1202617          0 
         0          0          0          0  -0.179811  -0.204357 -0.1727163  0.8715929 -0.08940938          0 
         0          0          0          0 -0.1252017  -0.142293 -0.1202617 -0.08940938  0.9377446          0 
         0          0          0          0          0          0          0          0          0          0 
         0          0          0          0          0          0          0          0          0          0 
         0          0          0          0          0          0          0          0          0          0 
         0          0          0          0          0          0          0          0          0          0 
         0          0          0          0          0          0          0          0          0          0 
         0          0          0          0  0.7388422 -0.2907973 -0.2443123 -0.1812287 -0.1259325          0 
         0          0          0          0 -0.2907973  0.6761993   -0.27204 -0.2017968 -0.1402249          0 
         0          0          0          0 -0.2443123   -0.27204  0.7714466 -0.1695388 -0.1178095          0 
         0          0          0          0 -0.1812287 -0.2017968 -0.1695388  0.8742376 -0.08738999          0 
         0          0          0          0 -0.1259325 -0.1402249 -0.1178095 -0.08738999  0.9392743          0 
         0          0          0          0          0          0          0          0          0          0 
         0          0          0          0          0          0          0          0          0          0 
         0          0          0          0          0          0          0          0          0          0 
         0          0          0          0          0          0          0          0          0          0 
         0          0          0          0          0          0          0          0          0          0 
         0          0          0          0  0.7296722 -0.2957218  -0.246408 -0.1820753 -0.1262181          0 
         0          0          0          0 -0.2957218  0.6764988  -0.269555  -0.199179 -0.1380748          0 
         0          0          0          0  -0.246408  -0.269555  0.7753953 -0.1659644 -0.1150498          0 
         0          0          0          0 -0.1820753  -0.199179 -0.1659644  0.8773659 -0.08501235          0 
         0          0          0          0 -0.1262181 -0.1380748 -0.1150498 -0.08501235  0.9410678          0 
         0          0          0          0          0          0          0          0          0          0 
         0          0          0          0          0          0          0          0          0          0 
         0          0          0          0          0          0          0          0          0          0 
         0          0          0          0          0          0          0          0          0          0 
         0          0          0          0          0          0          0          0          0          0 
         0          0          0          0  0.7193257 -0.3006392 -0.2487483 -0.1831542 -0.1268507          0 
         0          0          0          0 -0.3006392  0.6779758 -0.2664423 -0.1961823 -0.1358739          0 
         0          0          0          0 -0.2487483 -0.2664423  0.7795461 -0.1623209 -0.1124218          0 
         0          0          0          0 -0.1831542 -0.1961823 -0.1623209  0.8804826 -0.08277654          0 
         0          0          0          0 -0.1268507 -0.1358739 -0.1124218 -0.08277654  0.9426698          0 
         0          0          0          0          0          0          0          0          0          0 
         0          0          0          0          0          0          0          0          0          0 
         0          0          0          0          0          0          0          0          0          0 
         0          0          0          0          0          0          0          0          0          0 
         0          0          0          0          0          0          0          0          0          0 
         0          0          0          0  0.7115069 -0.3045126 -0.2503118 -0.1837625  -0.126934          0 
         0          0          0          0 -0.3045126  0.6785784 -0.2642111 -0.1939665 -0.1339824          0 
         0          0          0          0 -0.2503118 -0.2642111  0.7828163 -0.1594421 -0.1101346          0 
         0          0          0          0 -0.1837625 -0.1939665 -0.1594421  0.8829481 -0.08085366          0 
         0          0          0          0  -0.126934 -0.1339824 -0.1101346 -0.08085366  0.9441503          0 
         0          0          0          0          0          0          0          0          0          0 
         0          0          0          0          0          0          0          0          0          0 
         0          0          0          0          0          0          0          0          0          0 
         0          0          0          0          0          0          0          0          0          0 
         0          0          0          0          0          0          0          0          0          0 
         0          0          0          0  0.7057498 -0.3076016 -0.2512582  -0.183831 -0.1269794          0 
         0          0          0          0 -0.3076016  0.6784412 -0.2626588 -0.1921722  -0.132741          0 
         0          0          0          0 -0.2512582 -0.2626588  0.7854524  -0.156972 -0.1084269          0 
         0          0          0          0  -0.183831 -0.1921722  -0.156972  0.8851527 -0.07932963          0 
         0          0          0          0 -0.1269794  -0.132741 -0.1084269 -0.07932963  0.9452038          0 
         0          0          0          0          0          0          0          0          0          0 
         0          0          0          0          0          0          0          0          0          0 
         0          0          0          0          0          0          0          0          0          0 
         0          0          0          0          0          0          0          0          0          0 
         0          0          0          0          0          0          0          0          0          0 
         0          0          0          0  0.6976223 -0.3112847 -0.2527416 -0.1844846 -0.1270212          0 
         0          0          0          0 -0.3112847   0.679546 -0.2601865 -0.1899189 -0.1307627          0 
         0          0          0          0 -0.2527416 -0.2601865  0.7887466  -0.154201 -0.1061703          0 
         0          0          0          0 -0.1844846 -0.1899189  -0.154201  0.8874435 -0.07749726          0 
         0          0          0          0 -0.1270212 -0.1307627 -0.1061703 -0.07749726  0.9466417          0 
         0          0          0          0          0          0          0          0          0          0 
         0          0          0          0          0          0          0          0          0          0 
         0          0          0          0          0          0          0          0          0          0 
         0          0          0          0          0          0          0          0          0          0 
         0          0          0          0          0          0          0          0          0          0 
         0          0          0          0  0.6901967 -0.3149013 -0.2539533 -0.1846221 -0.1268258          0 
         0          0          0          0 -0.3149013  0.6799168 -0.2581323 -0.1876602 -0.1289128          0 
         0          0          0          0 -0.2539533 -0.2581323  0.7918283 -0.1513392 -0.1039622          0 
         0          0          0          0 -0.1846221 -0.1876602 -0.1513392  0.8899775 -0.07557971          0 
         0          0          0          0 -0.1268258 -0.1289128 -0.1039622 -0.07557971  0.9480807          0 
         0          0          0          0          0          0          0          0          0          0 
